0.004021644592285156
0.004017353057861328
0.0039675235748291016
0.00994729995727539
0.004965305328369141
3.425544261932373
2.547746181488037
3.0886433124542236
3.028029203414917
4.8446571826934814
2.9699418544769287
1.5215580463409424
1.5147621631622314
0.5355691909790039
0.6143577098846436
2.7091171741485596
27.688575983047485
12.022971391677856
5.441958904266357
10.952654123306274
90.22344136238098
0.14363837242126465
0.14066362380981445
0.5784528255462646
0.5998797416687012
0.5944106578826904
0.5993978977203369
0.5999584197998047
0.593414306640625
0.6049160957336426
0.6103689670562744
0.5874321460723877
0.5814471244812012
0.6004002094268799
0.6137917041778564
0.6318185329437256
0.589928150177002
0.00797891616821289
0.008947372436523438
0.008977413177490234
0.008975744247436523
0.010970115661621094
0.007978200912475586
0.008975982666015625
0.007978439331054688
0.008975982666015625
0.016954421997070312
0.01296544075012207
0.013962507247924805
0.6333439350128174
0.011966943740844727
0.011968374252319336
0.012965202331542969
0.011967658996582031
0.013962507247924805
0.009972810745239258
0.012952089309692383
0.01695704460144043
0.013987541198730469
0.014992475509643555
0.010970592498779297
0.010970115661621094
0.011451244354248047
0.012965202331542969
0.013962030410766602
0.009973287582397461
2.3990705013275146
0.009949445724487305
0.010942935943603516
7.2048749923706055
0.009972572326660156
3.7285618782043457
4.314981460571289
0.010970592498779297
0.010180950164794922
0.009997844696044922
0.009972810745239258
0.012965679168701172
0.5594792366027832
0.009973526000976562
0.010000944137573242
0.009973526000976562
0.008982419967651367
0.012987852096557617
0.0109710693359375
0.013966083526611328
0.010997533798217773
0.010966300964355469
0.014435529708862305
0.5724728107452393
0.02252674102783203
0.08375668525695801
0.08180427551269531
0.9663269519805908
1.249584674835205
0.8647677898406982
1.2812995910644531
1.413348913192749
1.1375524997711182
0.9122941493988037
0.8062789440155029
0.9231128692626953
2.653290033340454
0.8982434272766113
1.072798252105713
1.0056705474853516
0.8616020679473877
1.0013511180877686
0.8832852840423584
1.012946367263794
